$ 1 0.000005 1.4391916095149893 47 5 50 5e-11
R 160 192 112 192 0 0 40 5 0 0 0.5
r 160 192 160 288 0 110
r 272 192 272 288 0 4700
r 336 192 336 288 0 4700
r 464 192 464 288 0 110
w 272 192 336 192 0
w 336 192 464 192 0
w 272 192 160 192 0
c 256 272 176 272 4 2.2e-7 -0.30089067730900076 0.001 0.1
w 336 288 272 368 0
w 272 288 336 368 0
w 464 288 464 352 0
w 160 288 160 352 0
t 192 368 160 368 0 1 -1.4161439907650708 0.6156928937182262 100 default
t 432 368 464 368 0 1 0.6003688414109298 0.6644477003187461 100 default
w 432 368 336 368 0
w 272 368 192 368 0
162 560 960 560 1008 2 default-led 0 1 0 0.01
g 560 1008 560 1024 0 0
g 192 960 192 976 0 0
162 192 912 192 960 2 default-led 0 0 1 0.01
w 128 608 48 608 0
w 288 608 192 608 0
t 288 608 320 608 0 1 -0.3042966885151164 0.400599990712444 100 default
t 48 608 16 608 0 1 0.378981399959776 0.6156892825016507 100 default
w 16 528 16 592 0
w 320 528 320 592 0
w 128 528 192 608 0
w 192 528 128 608 0
w 128 432 16 432 0
w 192 432 320 432 0
w 128 432 192 432 0
r 320 432 320 528 0 110
r 192 432 192 528 0 4700
r 128 432 128 528 0 4700
r 16 432 16 528 0 110
w 160 384 16 384 0
w 16 384 16 432 0
w 624 560 544 560 0
w 784 560 688 560 0
t 784 560 816 560 0 1 0.6103047509587758 0.6654352946387698 100 default
t 544 560 512 560 0 1 -1.3805717370636974 0.38958292048669096 100 default
w 512 480 512 544 0
w 816 480 816 544 0
w 624 480 688 560 0
w 688 480 624 560 0
w 624 384 512 384 0
w 688 384 816 384 0
w 624 384 688 384 0
w 464 384 512 384 0
r 816 384 816 480 0 110
r 688 384 688 480 0 4700
r 624 384 624 480 0 4700
r 512 384 512 480 0 110
w 16 752 144 752 0
w 512 576 512 704 0
w 256 752 512 752 0
d 144 752 192 752 2 default
d 672 800 608 800 2 default
w 320 624 320 800 0
w 320 800 480 800 0
w 816 576 816 800 0
w 816 800 672 800 0
w 16 384 -96 384 0
w -96 384 -96 832 0
w -96 832 176 832 0
w 16 688 16 752 0
w 512 704 512 752 0
w 192 880 192 912 0
S 192 880 192 832 0 1 false 0 2
w 512 384 512 352 0
w 512 352 864 352 0
w 864 352 864 912 0
S 560 960 560 912 0 0 false 0 2
w 864 912 576 912 0
S 208 800 208 768 0 0 false 0 2
w 16 624 16 688 0
w 192 752 192 768 0
w 256 752 256 768 0
w 256 768 224 768 0
w 208 800 208 832 0
d 256 752 192 752 2 default
w 528 800 480 800 0
w 592 800 608 800 0
d 528 800 592 800 2 default
w 592 800 592 816 0
w 528 816 528 848 0
w 528 800 528 816 0
S 544 880 544 848 0 1 false 0 2
w 592 816 592 848 0
w 592 848 560 848 0
w 544 880 544 912 0
c 176 304 256 304 4 4.7000000000000004e-8 0.30099335093366353 0.001 0
w 256 272 256 288 0
w 256 304 256 288 0
w 176 272 176 288 0
w 176 304 176 288 0
w 176 288 160 288 0
w 256 288 272 288 0
w 448 288 464 288 0
w 368 288 336 288 0
w 368 304 368 288 0
w 368 272 368 288 0
w 448 304 448 288 0
w 448 272 448 288 0
c 368 304 448 304 4 4.7000000000000004e-8 -0.5147817984204774 0.001 0
c 448 272 368 272 4 2.2e-7 0.5148066058066059 0.001 0.1
w 800 480 816 480 0
w 720 480 688 480 0
w 720 496 720 480 0
w 720 464 720 480 0
w 800 496 800 480 0
w 800 464 800 480 0
c 720 496 800 496 4 4.7000000000000004e-8 -0.3641907402047999 0.001 0
c 800 464 720 464 4 2.2e-7 0.36422440697315217 0.001 0.1
w 608 480 624 480 0
w 528 480 512 480 0
w 528 496 528 480 0
w 528 464 528 480 0
w 608 496 608 480 0
w 608 464 608 480 0
c 528 496 608 496 4 4.7000000000000004e-8 0.4060762459001217 0.001 0
c 608 464 528 464 4 2.2e-7 -0.4059340265322917 0.001 0.1
w 112 528 128 528 0
w 32 528 16 528 0
w 32 544 32 528 0
w 32 512 32 528 0
w 112 544 112 528 0
w 112 512 112 528 0
c 32 544 112 544 4 4.7000000000000004e-8 0.07801454151122433 0.001 0
c 112 512 32 512 4 2.2e-7 -0.07801615568614784 0.001 0.1
w 304 528 320 528 0
w 224 528 192 528 0
w 224 544 224 528 0
w 224 512 224 528 0
w 304 544 304 528 0
w 304 512 304 528 0
c 224 544 304 544 4 4.7000000000000004e-8 0.15269925295588394 0.001 0
c 304 512 224 512 4 2.2e-7 -0.15270390741851658 0.001 0.1
o 8 64 0 4099 5 0.1 0 3 17 0 17 3
